object0, 0
object1, 1
object2, 2
object3, 3
object4, 4
object9, 5
object10, 6
object11, 7
object12, 8
object13, 9
object28, 10